w | t    1/12 0.25  0.5    1    3    5    7   10   20   30
09/12/24 5.18 5.06 4.68 4.09 3.47 3.47 3.57 3.68 4.07 4.00
09/19/24 4.89 4.80 4.46 3.93 3.47 3.49 3.60 3.73 4.11 4.06
09/26/24 4.90 4.68 4.38 3.96 3.54 3.55 3.65 3.79 4.17 4.12
10/03/24 4.99 4.68 4.37 4.02 3.62 3.62 3.71 3.85 4.24 4.18
10/10/24 4.98 4.75 4.45 4.22 3.88 3.91 3.99 4.09 4.44 4.38
10/17/24 4.93 4.74 4.45 4.21 3.89 3.90 3.99 4.09 4.44 4.39
10/24/24 4.87 4.70 4.48 4.25 4.02 4.03 4.12 4.21 4.54 4.47
10/31/24 4.76 4.64 4.43 4.27 4.12 4.15 4.21 4.28 4.58 4.47
11/07/24 4.69 4.63 4.40 4.28 4.13 4.17 4.25 4.31 4.62 4.52
